# parameters for linear system

const Ad = [    0.4911   -0.4920    0.0335    0.0279    0.2574   -0.3364
				0.2414   -0.0605    0.0256    0.8863    0.2288    0.9833
				-0.1141   -0.2447   -0.2686    0.4996    0.9211    0.2806
				0.2099   -0.4143   -0.1434   -1.3725   -0.6476    0.2083
				-0.3611    0.8083    0.2985    1.0440    0.0943    0.3186
				0.1901   -0.1511    0.1901    0.1558   -0.1445    0.1830]

const Bd = [    0.2393    0.5207
				0    	  1.0527
				0.0921    -0.3938
				-0.4048   -0.8272
				-0.0120   -1.1967
				-1.9193   -0.9621]
sizes = size(Bd)
const nx = sizes[1]
const nu = sizes[2]
const obj_indx = nx+1
const con_indx = nx+2

						
const x_lbd = -1*ones(nx)
const x_upd = ones(nx)
const Q = I(nx)
const R = 0.5*I(nu)

const P = [    1.5032   -0.7252   -0.1904   -0.9123   -0.2256    0.3846
				-0.7252    2.5167    0.6229    1.9841    0.1240   -0.6235
				-0.1904    0.6229    1.3947    0.8837    0.0270   -0.7134
				-0.9123    1.9841    0.8837    6.0814    1.9314   -0.5321
				-0.2256    0.1240    0.0270    1.9314    2.6002   -0.5006
				0.3846   -0.6235   -0.7134   -0.5321   -0.5006    5.7785]
const N_horizon = 8